334 901.64
974 364.32
625 216.77
572 678.00
705 543.40
957 126.81
207 468.50
539 979.97
714 755.12
656 113.48
150 503.23
869 297.10
979 605.47
402 284.93
849 159.14
579 274.01
744 589.65
897 480.59
260 358.35
412 389.11
872 393.04
620 636.36
677 174.31
478 709.55
831 432.78
955 104.77
857 450.73
169 632.95
570 450.00
607 669.00
235 323.93
908 560.62
610 737.29
796 911.11
268 520.37
657 325.96
477 737.27
497 414.76
402 352.99
176 178.25
815 111.11
729 889.78
982 440.46
405 696.04
258 737.46
116 432.85
419 108.00
852 542.99
352 235.05
706 325.45
